                   0                        0
                 0,2                        0
                 0,4                        0
  0,6000000000000001                        0
                 0,8                        0
                   1                        0
                   0                     0,25
                 0,2                     0,25
                 0,4                     0,25
  0,6000000000000001                     0,25
                 0,8                     0,25
                   1                     0,25
                   0                      0,5
                 0,2                      0,5
                 0,4                      0,5
  0,6000000000000001                      0,5
                 0,8                      0,5
                   1                      0,5
                   0                 0,666667
                 0,2                 0,666667
                 0,4                 0,666667
  0,6000000000000001                 0,666667
                 0,8                 0,666667
                   1                 0,666667
                   0                 0,833334
                 0,2                 0,833334
                 0,4                 0,833334
  0,6000000000000001                 0,833334
                 0,8                 0,833334
                   1                 0,833334
                   0                        1
                 0,2                        1
                 0,4                        1
  0,6000000000000001                        1
                 0,8                        1
                   1                        1